Access Number: 0
2020-01-23T09:24:45.341     437.00000000     436.00000000     438.00000000
2020-01-23T09:25:45.341     437.00000000     436.00000000     438.00000000
2020-01-23T09:26:45.341     437.00000000     436.00000000     438.00000000
2020-01-23T09:27:45.341     437.00000000     436.00000000     438.00000000
2020-01-23T09:28:45.341     437.00000000     436.00000000     438.00000000
2020-01-23T09:29:45.341     437.00000000     436.00000000     438.00000000
2020-01-23T09:30:45.341     437.00000000     436.00000000     438.00000000
2020-01-23T09:31:45.341     437.00000000     436.00000000     438.00000000
2020-01-23T09:32:45.341     437.00000000     436.00000000     438.00000000
2020-01-23T09:33:45.341     437.00000000     436.00000000     438.00000000
2020-01-23T09:34:45.341     437.00000000     436.00000000     438.00000000
2020-01-23T09:35:45.341     437.00000000     436.00000000     438.00000000
2020-01-23T09:36:45.341     437.00000000     436.00000000     438.00000000
2020-01-23T09:37:45.341     437.00000000     436.00000000     438.00000000
2020-01-23T09:38:45.341     437.00000000     436.00000000     438.00000000
Access Number: 1
2020-01-23T11:02:12.812     437.00000000     436.00000000     438.00000000
2020-01-23T11:03:12.812     437.00000000     436.00000000     438.00000000
2020-01-23T11:04:12.812     437.00000000     436.00000000     438.00000000
2020-01-23T11:05:12.812     437.00000000     436.00000000     438.00000000
2020-01-23T11:06:12.812     437.00000000     436.00000000     438.00000000
2020-01-23T11:07:12.812     437.00000000     436.00000000     438.00000000
2020-01-23T11:08:12.812     437.00000000     436.00000000     438.00000000
2020-01-23T11:09:12.812     437.00000000     436.00000000     438.00000000
2020-01-23T11:10:12.812     437.00000000     436.00000000     438.00000000
2020-01-23T11:11:12.812     437.00000000     436.00000000     438.00000000
2020-01-23T11:12:12.812     437.00000000     436.00000000     438.00000000
2020-01-23T11:13:12.812     437.00000000     436.00000000     438.00000000
2020-01-23T11:14:12.812     437.00000000     436.00000000     438.00000000
2020-01-23T11:15:12.812     437.00000000     436.00000000     438.00000000
2020-01-23T11:16:12.812     437.00000000     436.00000000     438.00000000
2020-01-23T11:17:12.812     437.00000000     436.00000000     438.00000000