2020-02-22T22:52:50.111     437.00994118     437.00994117    437.00994120
2020-02-22T22:53:50.111     437.00992054     437.00992029    437.00992078
2020-02-22T22:54:50.111     437.00983378     437.00983311    437.00983445
2020-02-22T22:55:50.111     437.00962911     437.00962763    437.00963058
2020-02-22T22:56:50.111     437.00918281     437.00917956    437.00918604
2020-02-22T22:57:50.111     437.00816286     437.00815518    437.00817052
2020-02-22T22:58:50.111     437.00565809     437.00563916    437.00567694
2020-02-22T22:59:50.111     437.00037670     437.00034502    437.00040838
2020-02-22T23:00:50.111     436.99481098     436.99479020    436.99483183
2020-02-22T23:01:50.111     436.99202368     436.99201513    436.99203226
2020-02-22T23:02:50.111     436.99088854     436.99088496    436.99089213
2020-02-22T23:03:50.111     436.99039484     436.99039321    436.99039647
2020-02-22T23:04:50.111     436.99016704     436.99016629    436.99016780
2020-02-22T23:05:50.111     436.99006688     436.99006658    436.99006717
2020-02-22T23:06:50.111     436.99003725     436.99003723    436.99003728
2020-02-22T23:07:50.111     436.99005177     436.99005161    436.99005192
2020-02-22T23:08:50.111     436.99009697     436.99009668    436.99009726
2020-02-22T23:09:50.111     436.99016544     436.99016505    436.99016584
2020-02-22T23:10:50.111     436.99025282     436.99025234    436.99025330